105
232
365
373
463
505
572
644
737
885
1061
1258
1371
1377
1381
1384
1422
1806
1874
2470
2590
2622
2719
2858
2937
2948
3226
3301
3386
3447
3465
3559
3700
3806
3813
3824
4059
4129
4165
4287
4365
4480
4505
4579
4629
4736
4782
4820
5207
5334
6172
6719
6777
6901
6991
7039
7351
7416
7516
7591
7635
7851
7917
7967
8099
8136
8250
8468
8488
8688
8894
9081
9175
9294
9413
9535
9727
9776
9921
10012
10139
10170
10209
10244
10281
10329
10378
10463
10570
10597
10612
10655
10697
10777
10823
10862
10881
10971
11212
11353
11477
11645
11660
11750
11771
11774
11843
12127
12346
12393
12492
12610
12746
12771
12852
12945
13020
13138
13353
13519
13631
13693
13904
13975
14004
14019
14123
14135
14218
14340
14478
14533
14538
14549
14793
14823
14887
15205
15259
15368
15394
15563
15577
15595
15600
15615
15818
16070
16238
16259
16263
16314
16415
16451
16505
16552
16575
16672
16706
16741
16801
16830
16842
17030
17042
17392
17543
17570
17580
17581
17649
17660
17704
17752
17876
17932
17947
18218
18231
18249
18264
18313
18318
18394
18642
18750
18993
19032
19050
19076
19335
19458
19592
19611
19613
19705
19893
19932
19958
20084
20165
20213
20251
20253
20567
20881
20913
20918
21077
21094
21145
21269
21780
21812
21877
21898
21929
22108
22114
22295
22417
22732
22760
22849
22963
23028
23159
23363
23487
23522
23722
23730
23931
24288
24314
24356
24506
24513
24891
24898
24937
25196
25248
25317
25335
25429
25436
25479
25668
25671
25917
25967
26043
26177
26192
26201
26275
26495
26549
26568
26726
26744
26756
26774
26795
26804
26807
26839
27341
27377
27605
27661
27840
27884
28148
28157
28311
28473
28497
28514
28635
28755
28999
29063
29155
29177
29377
29412
29503
29589
29677
29759
29789
29812
29877
29914
29964
30038
30043
30257
30420
30486
30509
30626
30703
30729
30903
30929
30976
31131
31251
31277
31329
31349
31371
31482
31537
31592
31732
31898
31929
32000
32025
32398
32410
32420
32561
32596
32681
32816
32837
32880
33002
33030
33066
33154
33329
33332
33379
33388
33705
33868
33891
34186
34287
34309
34558
34667
34825
35120
35253
35590
35626
35699
35799
35978
36238
36272
36400
36448
36487
36547
37006
37056
37063
37103
37153
37283
37321
37388
37428
37464
37478
37652
37654
37715
37826
37954
38115
38157
38380
38541
38591
38663
38673
38674
38986
39068
39331
39358
39389
39416
39476
39490
39542
39543
39577
39702
39722
39800
39972
40002
40057
40116
40158
40319
40361
40718
40832
40899
40972
40974
41031
41315
41399
41419
41422
41477
41554
41597
41733
41765
41853
41904
42152
42322
42449
42473
42544
42640
42731
42860
42881
42999
43017
43163
43254
43347
43448
43520
43639
43653
43657
43826
43900
44095
44194
44332
44387
44396
44476
44519
44525
44702
44840
44932
44985
45009
45067
45175
45313
45592
45781
45831
45845
45864
45870
45903
46123
46322
46410
46426
46778
46791
46963
47033
47038
47084
47175
47384
47499
47643
47915
48021
48260
48288
48293
48351
48467
48800
48896
48923
48934
48941
49058
49215
49296
49344
49365
49429
49564
49577
49592
49622
49670
49672
49768
49886
49912
50059
50062
50259
50331
50495
50576
50772
50812
50850
50881
50890
50921
50944
50968
50991
51071
51468
51505
51536
51645
51729
51744
51805
51874
52068
52209
52217
52260
52319
52391
52700
53060
53287
53696
53753
53932
53952
54012
54054
54272
54369
54463
54569
54624
54690
54791
54844
54887
55047
55178
55196
55226
55331
55455
55470
55492
55620
55695
55709
55779
56005
56085
56190
56200
56208
56244
56487
56831
57052
57529
57610
57828
57933
57976
58046
58075
58104
58408
58412
58420
58522
58600
58673
58710
58753
58897
58917
58989
59030
59086
59114
59282
59353
59429
59479
59777
59780
59791
59935
60052
60324
60805
60826
60833
60905
61023
61313
61397
61435
61442
61477
61490
61616
61659
61701
61903
61907
62078
62279
62333
62389
62552
62756
62804
62975
63060
63244
63420
63523
63533
63564
63676
63740
63967
64123
64352
64627
64678
64791
64961
65167
65430
65686
65766
65845
65856
66011
66053
66083
66204
66328
66512
66646
66669
66746
66847
66945
67205
67233
67314
67324
67451
67586
67587
67635
67681
67684
68014
68033
68049
68189
68291
68364
68379
68469
68551
68843
68848
68992
69089
69099
69261
69265
69285
69292
69306
69443
69456
69471
69675
69849
70018
70022
70166
70435
70486
70522
70535
70665
70840
70934
71045
71230
71511
71858
71875
71891
72053
72123
72202
72333
72385
72557
72626
72718
72987
72991
73022
73289
73302
73415
73786
73813
73858
73997
74062
74090
74170
74175
74204
74210
74330
74429
74450
74489
74624
74664
74702
74718
75211
75260
75277
75302
75411
75424
75670
75774
75900
76262
76287
76315
76653
76762
76806
77015
77021
77073
77172
77349
77371
77505
77520
77522
77527
77612
77725
77837
77874
77983
78042
78077
78085
78136
78216
78219
78251
78273
78506
78728
78825
78973
79014
79244
79301
79452
79492
79582
79614
79686
79700
79738
79742
80004
80118
80165
80193
80238
80260
80358
80670
80720
80754
80782
80843
81063
81119
81170
81186
81234
81257
81455
81504
81572
81573
81597
81655
81831
81886
81912
81925
81960
82017
82155
82203
82256
82318
82347
82368
82555
82664
82711
82778
82856
82888
82927
83009
83183
83208
83453
83482
83483
83563
83670
83692
83705
83822
83846
83872
84187
84400
84423
84722
85040
85112
85191
85201
85220
85255
85320
85723
85861
85969
86046
86061
86381
86400
86472
86552
86676
86721
86799
86836
86981
87087
87472
87488
87577
87594
87658
87971
88332
88352
88431
88495
88496
88566
88772
88816
89014
89295
89307
89332
89552
89606
89648
89710
89746
89971
90237
90253
90288
90344
90637
90642
90733
90786
91110
91231
91313
91414
91450
91509
91525
91763
92047
92120
92293
92399
92644
92658
92725
92808
92879
93171
93231
93252
93407
93431
93436
93655
93680
93768
93916
94123
94214
94328
94336
94358
94692
94961
95014
95059
95086
95191
95262
95559
95674
95751
95756
95795
95811
95864
95898
96082
96175
96278
96486
96554
96593
96827
96921
96940
96994
97064
97189
97220
97241
97279
97386
97512
97532
97765
97851
98068
98131
98153
98256
98258
98269
98441
99080
99168
99215
99219
99222
99296
99331
99437
99863
99934
99960

41
159
243
276
281
387
521
652
839
898
901
1164
1169
1280
1308
1325
1339
1419
1640
1656
1826
1942
1971
1987
2111
2161
2207
2446
2513
2524
2848
2875
3028
3146
3295
3362
3548
3948
3978
4039
4069
4121
4191
4317
4445
4633
4771
4827
5149
5287
5463
5479
5657
5669
5683
5685
5752
5852
5987
6010
6016
6435
6571
6626
6663
6687
6701
6759
6794
6840
6862
6966
7031
7126
7187
7195
7313
7354
7453
7717
7816
7864
7953
7960
8009
8038
8051
8170
8295
8771
8787
8863
8991
8998
9071
9417
9554
9899
9951
10174
10239
10396
10696
10819
10842
10903
11205
11260
11334
11336
11351
11387
11418
11599
11631
11667
11678
11801
12056
12118
12267
12276
12395
12410
12427
12467
12484
12512
12811
13384
13500
13530
13584
13692
13707
13824
13871
13901
13921
13974
13977
14180
14194
14246
14269
14475
14625
14647
14674
14804
14805
14820
14841
14859
14907
14963
14970
15090
15151
15202
15328
15535
15716
15762
15936
16020
16068
16102
16315
16320
16357
16445
16463
16504
16619
16702
16768
16793
16901
16915
17461
17595
17622
17798
18067
18109
18148
18165
18320
18419
18478
18485
18581
18633
18638
18842
18873
18910
18918
19181
19219
19414
19469
19640
19700
20063
20269
20385
20529
20548
20554
20560
20839
21058
21174
21186
21463
21669
21794
21832
21891
22009
22027
22041
22056
22569
22792
22932
23006
23022
23102
23160
23192
23266
23289
23333
23373
23505
23511
23528
23536
23892
23973
23974
24157
24227
24280
24446
24522
24603
24689
24802
24894
24936
25054
25118
25135
25170
25261
25267
25271
25318
25371
25681
25795
25853
25869
26068
26276
26393
26408
26428
26521
26543
26805
26937
26972
27013
27160
27165
27193
27438
27635
27693
27788
27818
27942
27981
28183
28364
28516
28626
28631
28819
28826
28898
29044
29084
29090
29184
29315
29373
29556
29669
29672
29683
29750
30086
30351
30543
30561
30650
30716
31002
31059
31214
31221
31298
31393
31407
31556
31601
31612
31705
32038
32089
32637
32696
32944
32969
33006
33218
33250
33254
33286
33488
33545
33636
33723
33826
33881
34072
34082
34448
34555
34630
34671
34765
34864
34914
34959
35244
35295
35359
35370
35442
35559
35567
35603
35610
35736
35740
35769
35852
36118
36131
36324
36334
36455
36467
36634
36639
36651
36686
36754
36793
36907
36994
37113
37265
37315
37472
37523
37524
37863
37879
37880
37985
38010
38094
38577
38659
38826
38827
38869
39013
39085
39273
39307
39370
39801
40054
40118
40164
40373
40429
40439
40458
40573
40686
40771
40905
41301
41580
41669
41714
41717
41797
41921
41985
42035
42062
42075
42243
42285
42508
43155
43321
43390
43529
43691
44031
44270
44284
44336
44379
44405
44412
44422
44477
44606
44670
44700
44765
44914
44962
45038
45251
45258
45266
45312
45672
45731
45782
45796
46320
46372
46374
46484
46597
46609
46774
46946
46958
47226
47441
47458
47539
47668
47798
47810
47906
48057
48126
48702
48713
48767
48814
48838
48854
49019
49022
49142
49199
49305
49366
49499
49526
49530
49606
49966
49988
49994
50122
50265
50451
50457
50521
50770
50816
50863
51039
51126
51299
51523
51631
51701
52090
52104
52109
52114
52224
52667
52834
52981
53082
53175
53294
53319
53338
53426
53671
53747
53761
53815
53905
53909
53927
53955
53993
54038
54070
54133
54155
54292
54441
54548
54820
55174
55199
55220
55232
55330
55351
55402
55409
55456
55497
55537
55630
55678
55710
55764
55775
55980
55999
56059
56197
56230
56234
56395
56423
56464
56513
56564
56589
56758
56794
56805
56862
56873
57032
57129
57246
57352
57474
57861
57928
58014
58158
58161
58445
58471
58616
58681
58718
58769
58808
58842
58907
58948
59000
59029
59164
59273
59276
59292
59376
59403
59415
59507
59641
59714
59855
60037
60517
60869
60893
60916
60965
61012
61096
61255
61374
61378
61539
61715
61773
62042
62066
62260
62708
62823
62909
62937
63102
63131
63243
63509
63587
63600
63608
63659
63668
63682
63687
63721
63894
63905
64017
64271
64345
64404
64436
64520
64615
64649
64814
64825
64834
64985
65013
65036
65233
65390
65426
65440
65589
65843
65930
66015
66020
66111
66255
66277
66434
66903
66963
67286
67300
67330
67364
67438
67536
67698
67975
68022
68113
68117
68175
68233
68253
68257
68353
68402
68584
68653
68765
69038
69062
69229
69341
69367
69415
69432
69452
69469
69556
69570
69719
69802
69876
69981
70067
70075
70080
70103
70165
70470
70688
70803
70818
70830
70850
70856
70875
71059
71117
71180
71256
71259
71470
71506
71556
71567
71568
71592
71634
71664
71684
71725
71780
71868
71913
72085
72156
72315
72408
72438
72475
72635
72683
72840
72887
72904
73041
73146
73246
73352
73382
73423
73426
73474
73587
73616
73732
73782
73796
73899
74113
74223
74234
74281
74395
74557
74575
74577
74653
74990
75121
75240
75320
75346
75557
75580
75622
75635
75895
75946
75996
76009
76053
76077
76105
76126
76148
76277
76336
76411
76448
76532
76588
76758
77089
77332
77338
77339
77487
77533
77774
77894
78008
78376
78395
78416
78581
78612
78623
78701
78704
78714
79054
79121
79267
79315
79661
79799
79881
80094
80109
80121
80523
80766
80816
81230
81260
81299
81427
81508
81526
81563
81586
81656
81760
81879
82181
82217
82470
82576
82795
82835
82974
83229
83233
83327
83528
83628
83925
84012
84384
84577
84743
84804
84858
84965
84985
85180
85307
85346
85424
85478
85509
85588
85670
85832
85841
86048
86302
86358
86415
86429
86430
86475
86539
86546
86600
86717
87207
87365
87368
87653
87765
87929
87931
87960
88165
88176
88398
88439
88514
88616
88924
88934
88986
89004
89118
89252
89318
89584
89687
89819
89932
89949
90001
90024
90043
90049
90104
90110
90371
90395
90444
90483
90494
90522
90610
90671
90716
90941
91133
91155
91204
91323
91571
91775
91823
92107
92148
92170
92174
92251
92282
92290
92339
92463
92482
92506
92549
92586
92606
92975
93040
93105
93408
93430
93482
93559
93588
93603
93604
93738
93755
94162
94177
94215
94330
94545
94687
94767
94867
94902
95173
95298
95454
95457
95522
95610
95633
95675
96113
96355
96434
96501
96543
96633
96702
96739
96764
96796
96839
96863
96942
97069
97553
97679
97742
97885
98575
98581
98770
98959
99058
99233
99237
99487
99490
99556
99646
99712
99998

26
140
307
331
460
560
726
845
927
1069
1132
1205
1229
1233
1245
1316
1363
1591
1636
1666
1732
1760
1857
1870
1973
1995
2094
2096
2108
2114
2217
2262
2318
2420
2555
2628
2828
2890
3007
3026
3074
3165
3172
3259
3337
3510
3731
3792
3870
3931
3941
4016
4177
4209
4460
4530
4726
5061
5096
5308
5321
5322
5351
5376
5377
5424
5476
5576
5652
5865
5871
5920
5960
6003
6045
6111
6177
6192
6219
6365
6381
6394
6817
6845
6853
6947
7182
7206
7435
7489
7508
7633
7644
7714
7799
8014
8023
8034
8131
8329
8339
8384
8497
8574
8735
8807
8859
9057
9098
9206
9234
9469
9480
9491
9530
9638
9926
9937
10158
10255
10370
10553
10581
10608
10692
10926
10953
11169
11281
11294
11319
11430
11550
11580
11601
11702
11717
11811
11875
11945
11963
12007
12388
12432
12502
12592
12748
12758
12759
12802
12845
12959
13009
13037
13063
13319
13347
13365
13721
13787
13803
14040
14068
14090
14483
14523
14613
14729
14991
15068
15104
15134
15213
15261
15302
15485
15519
15675
15702
15753
15795
15799
15847
16389
16633
16655
16802
16937
17111
17125
17200
17207
17652
17720
17925
17939
18028
18085
18135
18199
18202
18540
18656
18827
19016
19030
19046
19120
19147
19195
19206
19252
19305
19420
19547
19569
19908
20054
20087
20197
20319
20331
20465
21235
21326
21432
21465
21506
21975
22197
22275
22379
22413
22530
22729
23048
23234
23816
23906
23944
24087
24267
24302
24587
24605
24805
25049
25516
25529
25550
25631
25688
25949
25985
26007
26009
26029
26191
26650
27061
27223
27256
27296
27338
27382
27476
27593
27717
28057
28140
28380
28469
28489
28642
28665
28815
28852
28944
28961
29028
29271
29350
29423
29806
29842
29857
30309
30392
30532
30586
30630
30662
30691
30710
30936
31014
31106
31152
31168
31296
31333
31413
31488
31523
31599
31649
31789
31886
32175
32423
32557
32868
32909
33098
33130
33184
33192
33347
33387
33474
33707
33913
33942
34110
34238
34265
34469
34516
34544
34545
34564
34591
34713
35026
35092
35102
35167
35224
35339
35454
35472
35554
35643
35750
35774
35787
35883
35904
36009
36041
36046
36092
36203
36222
36328
36428
36429
36721
36753
36939
37231
37259
37263
37392
37446
37456
37722
37773
37942
38212
38310
38472
38558
38572
38631
38844
38847
39017
39050
39150
39278
39281
39342
39406
39414
39457
39470
39533
39677
39788
39805
39894
39908
39935
40245
40357
40470
40555
40577
40617
40661
40705
40760
40956
40995
41091
41106
41231
41455
41517
41911
42025
42134
42275
42370
42456
42594
42619
42767
43126
43201
43275
43296
43336
43368
43409
43415
43452
43473
43584
43859
43910
44143
44363
44428
44475
44501
44660
44731
44803
45050
45303
45602
45676
45741
45821
45975
46035
46057
46268
46328
46417
46439
46573
46621
46734
46805
46890
46919
46940
47047
47093
47190
47202
47223
47411
47510
47515
47616
47803
47848
47899
47904
48346
48478
48481
48492
48511
48587
48590
48630
48726
48730
48752
48877
48899
49052
49291
49336
49760
49808
49974
50004
50017
50044
50085
50098
50520
50601
50619
50668
50803
50855
51091
51180
51193
51435
51481
51694
51702
51710
51750
51888
51910
51940
51958
51969
52162
52377
52432
52465
52717
52864
52899
52933
53056
53268
53291
53309
53391
53436
53460
53565
53721
53750
53793
53812
53852
54024
54081
54185
54342
54402
54456
54546
54613
54646
54745
54763
54865
54872
54959
54992
55056
55081
55177
55216
55265
55319
55365
55556
55597
55611
55679
55804
56038
56042
56124
56147
56223
56534
56556
56565
56569
56689
56781
56791
57093
57099
57203
57285
57365
57400
57496
57561
57674
57737
57742
57750
57947
58077
58222
58223
58407
58813
58971
59023
59058
59279
59325
59400
59402
59602
59749
59891
59952
60088
60292
60421
60491
60778
60786
61064
61086
61148
61183
61203
61251
61306
61624
61879
61964
62060
62164
62321
62435
62507
62550
62730
62798
62814
62848
63078
63119
63303
63449
63637
63712
63777
64031
64098
64143
64192
64195
64236
64284
64462
64572
64652
64709
64740
64790
64836
64958
65019
65213
65318
65479
65573
65964
66091
66109
66202
66226
66657
66761
66976
67067
67099
67263
67373
67475
67786
67889
67899
67965
68088
68247
68481
68556
68571
68613
68632
68666
68759
69011
69017
69117
69208
69220
69245
69479
69535
69664
69848
69935
69953
70002
70188
70280
70382
70455
70480
70552
70589
70662
70885
70901
71116
71203
71210
71220
71315
71393
71431
71598
71610
71712
71965
72087
72191
72242
72483
72501
72579
72665
72773
72779
72838
72877
72946
72969
72975
72996
73120
73137
73143
73159
73410
73451
73834
73838
73876
73962
74012
74147
74148
74149
74264
74337
74383
75189
75409
75454
75545
75643
75852
75917
75921
76003
76195
76221
76533
76713
77137
77152
77292
77501
77666
77695
77711
77719
77799
77969
78101
78204
78217
78289
78315
78485
78560
78715
78731
78838
78937
79090
79098
79554
79673
79793
79819
80097
80166
80191
80206
80233
80343
80597
80664
80704
80718
80768
80863
80918
81035
81072
81115
81130
81142
81337
81364
81414
81442
81475
81543
81553
81640
81657
81965
82269
82365
82383
82443
82539
82566
82720
83012
83042
83267
83379
83436
83681
83704
83849
83852
83893
84119
84134
84140
84196
84329
84394
84421
84442
84459
84520
84558
84637
84955
84988
85159
85166
85207
85211
85362
85480
85481
85501
85873
85893
85924
86291
86315
86507
86666
86731
86779
86854
86971
86985
87161
87253
87262
87286
87386
87407
87570
87645
87654
87764
87887
88130
88207
88260
88270
88289
88545
88580
88638
88846
88873
88997
89000
89003
89245
89488
89529
89562
89571
89736
89744
89838
89916
89945
90095
90132
90202
90506
90564
90639
91017
91103
91139
91141
91176
91232
91235
91387
91440
91456
91464
91489
91604
91646
91726
91811
91923
92458
92464
92527
92597
92755
93053
93065
93066
93271
93346
93392
93481
93756
93835
93969
94064
94197
94262
94542
94554
94664
94707
94723
94766
94994
95042
95131
95245
95251
95460
95773
95789
95802
96017
96131
96180
96199
96331
96414
96535
96833
96876
96890
96913
96997
97397
97447
97473
97516
97911
97928
97957
97977
97978
98005
98060
98081
98118
98150
98406
98458
98875
98936
98968
98993
99199
99390
99392
99660
99704
99766
99886
99892

205
360
421
571
617
746
799
828
1010
1092
1217
1567
1568
1642
1684
1690
1787
1850
1852
1872
2085
2241
2250
2256
2442
2732
2813
2857
3088
3363
3404
3542
3599
3739
3760
3922
4194
4370
4397
4741
4755
4763
4800
4847
5048
5136
5155
5195
5199
5248
5289
5495
5504
5612
5695
5756
5881
5974
6229
6382
6536
6580
7021
7035
7168
7372
7386
7408
7470
7657
7682
7928
8251
8277
8499
8616
8668
8758
8904
8914
8918
8922
8944
9032
9318
9392
9414
10047
10146
10309
10412
10469
10486
10576
10583
10648
11277
11432
11561
11571
11800
11912
11948
12090
12142
12331
12399
12460
12761
12795
12871
12965
12998
12999
13159
13435
13454
13759
14159
14224
14226
14280
14314
14355
14402
14436
14480
14622
14634
14677
14680
14840
14915
15119
15506
15667
15721
15827
15856
15993
16124
16223
16224
16313
16395
16490
16649
16923
16926
16956
17179
17481
17531
17744
17869
17986
18026
18379
18449
18658
18848
18856
18943
18969
19021
19029
19098
19148
19516
19534
19656
19702
19741
19773
19843
19859
19880
19931
20002
20025
20093
20189
20212
20223
20416
20435
20579
20753
20819
20926
20938
20953
21025
21038
21153
21267
21275
21367
21422
21652
21696
21744
21747
21984
22075
22153
22292
22301
22333
22384
22526
22673
22730
22733
22796
22877
22950
23168
23203
23410
23725
23850
23942
23943
24229
24409
24501
24528
24534
24681
24809
24958
25061
25125
25241
25272
25377
25458
25566
25674
25731
25758
25904
25932
26069
26223
26434
26662
26850
26931
26988
27021
27195
27264
27404
27434
27445
27455
27499
27560
27616
27629
27680
27760
28193
28408
28655
28786
29037
29056
29156
29313
29364
29392
29476
29711
29728
29731
29744
29764
29792
29831
29929
30231
30365
30402
30589
30689
30801
30836
30923
30957
30964
30988
31195
31305
31326
31341
31360
31384
31514
31587
31611
31790
32097
32186
32221
32250
32258
32272
32368
32393
32466
32469
32483
32554
32555
32615
32764
32834
32859
32890
32943
33491
33522
33590
33654
33930
33962
33973
34120
34126
34182
34196
34270
34382
34426
34445
34474
34513
34728
34836
34881
34983
34995
35175
35267
35281
35291
35378
35380
35450
35457
35577
35818
35875
35945
36114
36249
36263
36341
36377
36493
36567
36673
36790
36884
37025
37152
37206
37239
37270
37663
37818
37934
37975
38029
38221
38231
38278
38302
38353
38460
38582
38652
38809
38851
38879
38910
38931
38998
39029
39055
39091
39116
39160
39185
39462
39498
39803
39853
39862
39982
40023
40092
40192
40230
40287
40308
40342
40428
40522
40690
40786
40788
40969
40976
41052
41205
41658
41687
41691
41931
41971
41989
42018
42021
42135
42265
42321
42464
42496
42530
42546
42667
42715
42818
42914
42934
42940
43033
43087
43146
43183
43203
43237
43238
43358
43384
43451
43470
43471
43551
43575
43712
43841
43885
43964
44000
44032
44089
44129
44391
44609
44619
44706
45194
45197
45267
45319
45518
45690
45736
45789
46083
46099
46109
46170
46247
46347
46524
46751
46929
47118
47251
47488
47571
47574
47638
47761
47784
47973
47993
48127
48249
48347
48438
48442
48499
48682
48699
48727
49011
49274
49439
49525
49824
49910
50030
50292
50389
50419
50525
50546
50651
50723
50876
50906
50914
50995
51251
51444
52051
52393
52555
52803
52961
53469
53515
53591
53658
53672
53723
53857
53858
54065
54108
54263
54307
54626
54717
54937
55171
55280
55305
55352
55372
55377
55426
55516
55601
55723
55838
55874
55887
55944
55985
56235
56621
56766
56775
56795
56817
56842
56919
56945
56974
57004
57064
57141
57172
57237
57296
57538
57744
57810
57964
58023
58036
58103
58352
58398
58430
58456
58481
58653
58836
58850
58960
59060
59190
59314
59334
59359
59509
59617
59760
60136
60188
60233
60438
60597
60696
60810
61142
61208
61311
61369
61456
61744
61937
62050
62076
62104
62167
62305
62344
62384
62484
62789
62817
62928
63036
63083
63196
63519
63526
63609
63707
63741
63811
63874
63886
64053
64054
64109
64187
64470
64581
64694
64833
64875
64888
64984
65001
65124
65199
65272
65450
65549
65893
65939
66000
66061
66114
66168
66214
66298
66468
66500
66546
66583
66601
66636
66654
67011
67080
67489
67514
67535
67539
67703
67801
67894
67994
68047
68225
68239
68355
68440
68542
68619
68671
68678
68681
68832
69404
69472
69495
69552
69776
69842
69853
69928
69994
70119
70290
70381
70431
70604
70733
70962
71167
71325
71391
71404
71533
71810
71932
71988
72060
72355
72449
72553
72574
72771
72893
72933
73052
73138
73582
73651
73652
73733
73802
73820
73841
74016
74208
74243
74265
74297
74306
74324
74372
74663
74989
75052
75212
75230
75273
75420
75512
75711
75806
75834
75867
75914
76222
76300
76471
76518
76630
76662
76776
76777
76821
76919
76946
77027
77050
77116
77153
77207
77235
77445
77477
77590
77684
77760
77802
77848
77868
78041
78150
78169
78243
78373
78634
78786
78873
78876
78892
79055
79145
79183
79230
79417
79468
79693
79826
79958
80005
80114
80156
80268
80318
80336
80373
80614
80687
80801
80982
81073
81111
81292
81315
81396
81763
81978
82194
82210
82212
82250
82461
82473
82767
82770
82883
82886
82943
82982
83089
83122
83185
83258
83285
83592
83632
83723
83838
83948
84217
84241
84385
84432
84437
84505
84645
84893
84898
85108
85277
85380
85492
85637
85693
85741
85780
85808
86292
86439
86451
86665
86715
86720
86725
86822
87048
87111
87116
87220
87338
87432
87443
87513
87523
87646
87732
87734
87818
88054
88151
88226
88306
88310
88380
88408
88507
88549
88651
88744
88813
88830
89006
89078
89150
89172
89282
89304
89426
89523
89656
89717
89763
89926
90008
90101
90633
90726
90820
90910
91030
91120
91144
91220
91352
91398
91405
91558
91683
91741
91771
91783
91821
92076
92108
92124
92160
92254
92285
92287
92309
92320
92426
92532
92551
92663
92701
92816
92930
93036
93072
93148
93265
93337
93338
93517
93609
93716
93817
93854
94038
94359
94362
94436
94502
94624
94808
94885
94901
94912
95366
95386
95547
95627
95700
95755
96115
96140
96487
96687
97000
97015
97023
97036
97135
97170
97435
97436
97496
97590
97605
97686
97689
97705
97723
97735
97931
98092
98202
98236
98351
98356
98433
98476
98490
98621
98873
99061
99308
99338
99431
99485
99609
99724
99773
99802
99883
99895

7
13
72
163
217
267
441
502
557
574
582
653
713
715
821
895
922
942
981
1103
1265
1269
1669
1714
1784
1791
1883
1918
1951
1958
2084
2138
2183
2308
2494
2528
2532
2680
2784
2800
2865
3025
3054
3122
3126
3133
3479
3509
3601
3689
3712
3770
3773
4082
4119
4202
4237
4253
4324
4350
4357
4545
4658
4689
4738
5028
5083
5140
5423
5432
5549
5744
5880
6050
6148
6194
6251
6361
6555
6718
6866
7045
7131
7183
7237
7281
7381
7497
7533
7620
7636
7811
7919
7936
7944
8032
8207
8261
8314
8332
8352
8428
8503
8577
8603
8691
8756
8831
9075
9106
9251
9489
9544
9949
10290
10622
10647
10930
11152
11259
11373
11408
11731
11845
11919
12058
12139
12148
12234
12264
12341
12430
12551
12624
12714
13004
13082
13397
13545
13677
13689
13786
13891
13911
14189
14291
14422
14736
14775
14836
14908
15061
15105
15129
15160
15228
15442
15490
15542
15551
15572
15598
15707
15785
15792
15881
16036
16043
16136
16137
16167
16229
16280
16318
16381
16528
16570
16585
16805
16878
17180
17409
17470
17547
17616
17717
17800
17857
17866
17892
17964
18119
18276
18299
18339
18535
18807
18838
18867
19061
19090
19169
19199
19364
19612
19665
19999
20297
20446
20882
21024
21256
21283
21285
21473
21502
21608
21618
21646
21765
21845
22214
22527
22612
22653
22809
22846
22915
22986
23013
23099
23106
23114
23204
23296
23488
23677
23856
23889
23975
23980
24368
24391
24675
24826
24988
25057
25096
25107
25185
25283
25651
25820
25907
25926
26027
26372
26424
26442
26485
26512
26581
26739
26951
27308
27485
27535
27674
27688
27737
27757
27868
27916
28133
28136
28179
28180
28394
28482
28709
28729
28842
28899
28969
29016
29120
29125
29407
29465
29490
29582
29697
29715
29924
30251
30477
30612
30721
30731
30846
30899
31203
31248
31515
31699
31816
32001
32342
32468
32470
32573
32751
32780
32790
32858
33045
33155
33251
33259
33475
33622
33703
33716
33758
33970
34101
34235
34608
34654
34673
34703
34748
34766
34887
35024
35088
35390
35455
35489
35540
35579
35627
35789
35876
35954
36013
36260
36338
36385
36515
36622
36641
36706
36920
37050
37200
37322
37375
37389
37394
37494
37543
37920
37940
37997
38001
38448
38508
38696
38751
39230
39396
39439
39911
40021
40137
40582
40765
40822
40943
41135
41224
41343
41481
41489
41561
41685
41711
41965
42364
42374
42423
42428
42480
42549
42577
42826
42846
43386
43400
43413
43606
43628
43634
43645
44073
44190
44267
44319
44624
44709
44793
44867
44884
44895
44988
45013
45019
45058
45137
45177
45191
45246
45356
45362
45392
45419
45499
45528
45648
45794
45859
45977
46012
46094
46240
46249
46461
46483
46503
46574
46581
46637
46693
46871
47078
47128
47240
47290
47305
47309
47348
47391
47633
47685
47708
47771
47844
48135
48243
48456
48461
48514
48633
48711
48739
48770
48839
48979
49016
49086
49164
49398
49449
49581
49950
50013
50041
50058
50073
50286
50421
50476
50492
50588
50644
50871
50879
50998
51031
51034
51121
51209
51369
51413
51469
51575
51781
51788
51859
51871
51972
52016
52429
52561
52598
52751
52878
53111
53538
53560
53574
53727
53816
53902
53995
54002
54178
54294
54358
54481
54600
54604
54696
54782
54919
54989
55017
55128
55135
55315
55382
55465
55487
55523
55711
55739
55786
55919
56056
56201
56400
56677
56797
56929
56931
57092
57112
57191
57195
57332
57374
57451
57497
57550
57739
57871
57954
58066
58112
58228
58235
58297
58696
58744
58921
59048
59205
59440
59586
59682
59739
59806
59840
60018
60040
60143
60252
60486
60546
60594
60758
60982
61059
61132
61163
61247
61493
61497
61532
61562
61637
61702
61842
61889
62073
62207
62325
62490
62492
62661
62794
62803
62805
63014
63191
63311
63359
63362
63661
63671
63693
63722
63821
63834
64043
64044
64074
64094
64119
64181
64197
64203
64226
64253
64290
64461
64557
64720
64927
64964
65023
65051
65132
65142
65221
65402
65461
65537
65907
65924
65958
66046
66070
66121
66233
66439
66529
66592
66624
66785
66867
67053
67078
67092
67518
67702
67712
67743
67778
67785
67836
67878
68303
68323
68445
68530
68537
68596
68656
68731
68879
69048
69060
69158
69561
69642
69889
70101
70335
70357
70386
70445
70513
70561
70572
70929
71148
71160
71261
71358
71359
71403
71441
71577
71616
71729
71820
71837
71885
72030
72086
72177
72256
72450
72460
72496
72497
72527
72641
72880
72881
72929
72981
73195
73328
73383
73443
73529
73600
73613
73678
73700
73842
73939
73955
74015
74056
74117
74126
74139
74261
74589
74604
74714
74780
74818
75079
75227
75231
75249
75490
75746
76013
76326
76331
76351
76558
76726
76790
76843
76900
76918
76923
77133
77252
77289
77483
77539
77599
77780
77890
78145
78428
78566
78573
78587
78667
78716
78720
78730
78799
79539
79722
79874
80079
80089
80120
80129
80147
80277
80289
80464
80465
80550
80616
80685
80807
80849
80854
80897
80898
80952
80988
81135
81291
81311
81392
81418
81465
81514
81828
81926
81931
81972
82209
82307
82321
82327
82361
82518
82621
82680
82825
82879
82928
82934
82961
82962
82975
83037
83116
83118
83141
83239
83248
83415
83571
83600
83655
83756
84011
84278
84358
84506
84594
84602
84867
85115
85208
85264
85372
85525
85554
85650
85656
85673
85783
85797
85819
85987
86223
86296
86425
86535
86642
86656
86801
86906
87054
87070
87144
87175
87240
87269
87790
87824
88012
88311
88430
88595
88618
88672
88756
88844
88953
88956
89018
89058
89268
89293
89361
89411
89413
89515
89716
89831
89907
89972
90143
90156
90195
90207
90451
90595
90746
90914
90944
91068
91109
91131
91159
91193
91554
91813
91952
92069
92105
92118
92136
92192
92193
92209
92279
92360
92409
92507
92593
92598
92607
92690
92718
92744
92793
92803
92998
93088
93117
93123
93124
93155
93237
93365
93453
93568
93641
93654
93746
93839
94021
94258
94407
94481
94840
95009
95205
95273
95459
95491
95607
95663
95793
95944
95995
96368
96386
96415
96427
96507
96555
96562
96857
96899
97020
97379
97391
97414
97425
97451
97495
97536
97663
97865
98027
98097
98102
98238
98453
98649
98737
98742
98747
98784
98829
98904
98963
99023
99035
99246
99307
99356
99380
99559
99591
99659
99854
99857
99915
99920
99938

37
92
189
213
324
356
555
937
947
1028
1527
1620
1813
1837
1877
1935
1985
2110
2502
2547
2675
2730
2821
3155
3185
3203
3456
3497
3504
3573
3628
3664
3714
3740
3798
3877
3880
3927
3949
3995
4008
4120
4401
4419
4444
4458
4495
4878
4989
5080
5138
5345
5380
5404
5505
5635
5665
5774
5842
5869
6086
6176
6291
6731
6877
6896
6928
7081
7177
7198
7611
7665
7713
7798
7886
8094
8200
8406
8708
8934
9026
9134
9162
9277
9550
9563
9567
9633
9731
9872
9886
10032
10153
10211
10259
10296
10460
10545
10573
10779
10788
11047
11156
11328
11437
11648
11697
11712
11831
12017
12080
12105
12225
12299
12340
12380
12408
12411
12877
12919
13006
13045
13309
13399
13406
13462
13472
13543
13550
13563
13570
13616
13685
14205
14320
14356
14372
14731
14757
14950
14997
15140
15196
15345
15436
15507
15580
15731
15774
15828
15849
15850
15944
16009
16013
16304
16327
16347
16609
16646
16777
17032
17247
17335
17368
17694
17735
17780
18024
18082
18190
18354
18443
18496
18607
18764
18813
18861
19078
19840
19986
20005
20097
20147
20305
20337
20788
20791
20803
20909
20921
20973
20979
20997
21033
21106
21298
21475
21504
21509
21513
21667
21718
21751
21862
21866
22099
22111
22196
22211
22332
22381
22538
23058
23151
23156
23561
23629
23636
23708
23764
23891
23989
24039
24102
24112
24204
24231
24309
24315
24403
24643
24814
24902
25008
25105
25292
25474
25577
25602
25717
25741
25848
25973
26019
26252
26256
26316
26583
26833
26843
26950
27087
27425
27525
27625
27649
27692
27917
27949
28130
28323
28373
28417
28575
28845
29212
29214
29345
29371
29376
29499
29546
29551
29614
29658
29668
29811
29911
29944
29982
29994
30080
30117
30267
30310
30478
30488
30520
30720
30854
30978
31109
31278
31308
31352
31357
31382
31558
31559
31573
31595
31597
31650
31740
31859
31978
32062
32236
32416
32551
32569
32620
32657
32666
32832
33104
33220
33701
33710
33928
33959
33998
34069
34074
34097
34397
34447
34687
34702
34826
34866
34871
35016
35030
35064
35205
35328
35367
35397
35422
35568
35693
36116
36160
36299
36379
36387
36488
36527
36554
36565
36601
36621
36631
36675
36767
36808
36968
37356
37444
37470
37656
37658
37700
37908
38045
38149
38155
38251
38372
38420
38450
38484
38587
38654
38683
38880
39115
39138
39279
39421
39508
39524
39611
39896
39973
39989
40084
40115
40203
40501
40563
40666
40734
40774
40819
40843
40998
41078
41157
41300
41330
41354
41420
41571
41579
41773
41791
41812
42030
42235
42305
42387
42447
42556
42564
42603
42670
43006
43178
43519
43531
43589
43630
43938
43960
44022
44111
44146
44344
44352
44566
44627
44647
44821
44837
45036
45270
45280
45336
45671
45712
45820
45865
46020
46130
46138
46307
46359
46414
46526
46614
46776
46789
46811
46989
47119
47252
47301
47314
47368
47420
47490
47759
48387
48392
48563
48607
48687
48771
48835
48840
49189
49273
49317
49662
49674
49717
49804
49817
50186
50204
50302
50449
50502
50575
50579
50716
50742
50750
50754
50781
50947
51118
51151
51267
51274
51293
51371
51449
51516
51680
51685
51703
52088
52234
52321
52441
52630
52723
52838
52909
52914
53059
53236
53357
53557
53577
53621
53663
53763
53821
54269
54285
54295
54401
54578
54672
54697
54781
54811
54827
54889
55100
55204
55367
55373
55463
55503
55659
55661
55673
55688
55712
55766
55795
55926
55977
56157
56224
56287
56325
56338
56386
56578
56579
56685
56705
56725
56993
56995
56998
57023
57030
57082
57154
57170
57198
57214
57369
57440
57441
57780
57842
57958
58043
58470
58533
58757
58835
58902
58985
58988
59004
59141
59171
59180
59196
59287
59338
59363
59381
59393
59471
59570
59575
59592
59615
59624
59743
59963
59996
60020
60100
60221
60435
60439
60664
60774
60830
60941
61018
61099
61264
61304
61305
61419
61509
61543
61590
61727
61878
61924
61970
62460
62467
62836
62958
63002
63153
63234
63319
63337
63464
63503
63510
63536
63546
63561
63729
63802
63904
64020
64206
64256
64313
64406
64451
64662
64663
64897
64899
64901
65040
65058
65135
65547
65965
65977
66123
66132
66173
66285
66465
66736
66750
66822
66825
66896
67207
67361
67405
67509
67564
67812
67879
67906
68250
68527
68741
68841
69113
69315
69329
69369
69490
69520
69533
69579
69619
69644
69778
69997
70021
70029
70106
70252
70336
70436
70437
70546
70571
70699
70781
70797
70822
70895
70927
70931
70944
70951
71188
71416
71426
71504
71909
71912
71926
71934
71987
72018
72134
72231
72373
72863
73191
73242
73368
73447
73589
73592
73746
73791
74031
74186
74346
74367
74473
74547
74973
75011
75038
75098
75221
75497
75570
75630
75674
75805
75927
76083
76092
76145
76218
76328
76394
76493
76747
76759
76933
76954
77140
77193
77468
77486
77551
77585
77639
77658
77676
77694
77746
77755
77829
77953
78022
78054
78179
78207
78296
78511
78650
78684
78729
78796
78798
78863
78935
79003
79132
79314
79353
79432
79443
79562
79652
79674
80036
80116
80143
80159
80218
80248
80305
80372
80387
80450
80490
80677
80692
80734
80805
80825
80867
81287
81569
81592
81808
82002
82060
82096
82126
82229
82332
82344
82446
82549
82628
82636
82682
82868
82978
83004
83087
83132
83149
83390
83496
83722
83777
83932
84133
84144
84170
84225
84284
84509
84628
84825
84827
84833
84854
84888
84921
85106
85125
85143
85322
85488
85730
85761
86078
86159
86196
86214
86482
86525
86533
86956
87086
87088
87252
87320
87378
87428
87461
87471
87492
87496
87661
87962
88036
88042
88234
88263
88353
88362
88377
88388
88488
88544
88722
88801
88803
88937
89104
89149
89185
89221
89325
89531
89681
89688
89970
90072
90074
90392
90588
90782
90849
90996
91011
91187
91292
91325
91471
91617
91800
91841
91859
91949
92084
92354
92363
92572
92638
92682
92726
92779
92817
93069
93071
93191
93263
93279
93287
93585
93650
93813
93845
93927
93953
94003
94050
94068
94149
94180
94203
94227
94320
94557
94632
94745
94780
94900
94934
94945
95035
95226
95231
95303
95589
95676
95723
95734
95800
95959
96032
96084
96109
96266
96464
96504
96611
96939
96967
97019
97068
97167
97625
97634
97645
97669
97862
98187
98301
98309
98439
98561
98566
98970
99090
99320
99388
99406
99518
99732
99787
99996

138
164
224
249
371
452
478
503
1130
1234
1286
1295
1327
1337
1410
1586
1599
1667
1952
2372
2536
2608
2613
2674
2747
2901
3101
3320
3450
3534
3568
3724
3742
3866
3889
3986
4030
4095
4198
4216
4285
4352
4433
4479
4543
4562
4577
4601
4719
4808
4818
4928
5055
5128
5163
5409
5620
5689
5738
5896
6127
6147
6160
6170
6181
6209
6339
6349
6653
6690
6714
6716
6852
6987
7003
7061
7141
7173
7277
7278
7304
7373
7529
7908
7940
8041
8130
8216
8580
8656
8666
8733
8736
8957
9068
9130
9298
9553
9594
9668
9862
9948
9981
9988
10097
10197
10390
10395
10422
10448
10477
10613
10832
10869
10882
10959
10983
10993
11109
11145
11182
11222
11257
11547
11633
11642
11821
11922
11965
12119
12304
12465
12493
12734
12769
12775
12786
12888
12894
12915
13030
13084
13218
13224
13351
13468
13655
13758
13841
13925
14112
14207
14212
14248
14272
14405
14528
14598
14693
14701
14750
14873
15001
15049
15232
15325
15372
15611
15640
15730
15841
16032
16076
16207
16539
16566
16797
17000
17382
17577
17605
17699
18162
18210
18263
18265
18397
18417
18432
18489
18490
18649
18666
18725
18727
18845
18866
18932
18942
18962
19109
19269
19275
19460
19538
19621
19867
19935
20055
20061
20153
20155
20168
20198
20358
20568
20610
20678
20836
20861
21048
21143
21161
21341
21384
21478
21672
22035
22085
22150
22199
22241
22249
22431
22557
22661
22726
22740
22924
22976
23056
23073
23116
23245
23251
23320
23433
23437
23453
23543
23560
23613
23849
24082
24197
24259
24390
24429
24566
24661
24741
24836
24875
24952
25095
25148
25231
25323
25396
25499
25587
25607
25643
25670
25986
26132
26136
26344
26507
26527
26683
26764
27126
27259
27366
27379
27787
27836
27999
28055
28086
28213
28596
28682
28703
28718
28743
28814
28856
28912
29049
29104
29201
29224
29261
29284
29446
29507
29576
29594
29675
29722
29771
29834
29908
30019
30042
30304
30355
30409
30896
30968
31023
31029
31153
31268
31864
31918
32037
32151
32158
32222
32364
32419
32524
32662
32704
32854
32877
33029
33037
33260
33356
33375
33376
33582
33976
34116
34165
34218
34233
34507
34581
34589
34699
34741
34985
35104
35127
35413
35513
35744
35758
35910
35953
36003
36129
36224
36244
36245
36339
36397
36481
36855
36976
36987
37047
37241
37243
37365
37489
37719
37839
37886
37901
38021
38039
38051
38390
38396
38758
38875
38912
38973
38984
39135
39203
39228
39283
39284
39324
39449
39559
39563
39712
39820
39833
39919
39942
39954
39974
40145
40172
40238
40386
40392
40403
40479
40521
40553
40576
40633
41032
41287
41310
41342
41495
41530
41588
41634
41649
41720
41874
41879
42016
42050
42129
42150
42345
42386
42666
42988
43014
43184
43236
43345
43624
43718
43831
44175
44188
44383
44400
44512
44685
44979
44997
45103
45293
45517
45581
45646
45899
45924
45931
45969
46082
46134
46144
46153
46567
46578
46603
46620
46746
46846
46859
46956
46993
47087
47268
47315
47373
47392
47456
47495
47624
47686
48078
48111
48129
48192
48365
48452
48471
48678
48794
49099
49223
49259
49413
49492
49587
49676
49762
49807
49815
50079
50179
50284
50537
50699
50703
50753
50831
50984
51115
51294
51561
51873
52056
52245
52269
52400
52495
52515
52523
52525
52549
52702
52888
52965
52968
53023
53341
53342
53362
53434
53552
53691
53787
53805
53836
53910
53975
54071
54164
54189
54217
54340
54416
54588
54730
54751
54756
54839
54862
54867
54985
55225
55453
55580
55794
55945
55962
56100
56228
56345
56348
56491
56492
56542
56627
56977
57128
57147
57293
57302
57463
57466
57489
57527
57582
57628
57771
57908
58068
58094
58140
58185
58292
58313
58775
58819
58834
58854
58857
59018
59042
59045
59139
59323
59836
59879
59880
59965
60023
60024
60078
60138
60720
60782
60914
60951
61042
61201
61336
61492
61514
61600
61605
61706
61738
61986
62147
62254
62502
62611
62755
62760
62963
62979
63192
63219
63394
64316
64443
64516
64560
64697
64734
64747
64775
64807
64860
65002
65032
65111
65345
65476
65482
66037
66160
66198
66564
66849
66860
66866
66990
67139
67306
67547
67550
67689
67885
67940
68031
68040
68181
68195
68396
68479
68575
68724
68813
68846
69185
69267
69299
69583
69745
69907
69918
69988
70016
70114
70507
70569
70663
70715
71354
71591
71697
71713
71815
71872
71933
71972
71980
72056
72098
72118
72255
72360
72393
72522
72547
72587
72765
72994
73005
73107
73217
73256
73364
73424
73440
73464
73584
73654
73968
73993
74043
74050
74157
74212
74496
74506
74620
74649
74820
74852
74891
75048
75065
75239
75256
75318
75378
75386
75532
75581
75652
75728
75768
75781
75945
75986
76046
76100
76103
76109
76110
76560
76570
76636
76644
76666
76922
76965
77011
77206
77450
77482
77565
77678
77896
78096
78161
78400
78521
78578
78735
78755
78842
78899
79064
79099
79286
79354
79371
79571
79713
79816
79872
80108
80176
80360
80388
80396
80416
80497
80558
80568
80667
80711
80726
80732
80859
80905
81067
81105
81181
81211
81361
81718
81771
81811
81822
81832
81851
81918
81958
81964
82040
82049
82164
82251
82349
82433
82482
82609
82630
82641
82935
83028
83083
83123
83159
83203
83333
83352
83576
83583
83671
83699
83711
83747
83912
83936
83942
84051
84054
84113
84266
84328
84340
84452
84923
84954
84973
85052
85312
85313
85418
85433
85487
85601
85743
85840
86057
86550
86569
86589
86831
86835
86842
86861
86942
86964
87529
87560
87697
87767
87769
87825
88027
88063
88093
88133
88153
88154
88174
88211
88323
88391
88505
88557
88632
88648
88677
88695
88739
88786
88954
89194
89461
89587
89767
89815
89843
89866
89988
90007
90042
90048
90176
90242
90277
90484
90630
90738
90804
91037
91126
91269
91321
91330
91688
91767
91883
91937
91946
92049
92110
92149
92343
92368
92398
92412
92453
92471
92476
92497
92567
92746
93004
93120
93122
93159
93206
93229
93303
93466
93473
93587
93635
93668
93865
93868
94155
94282
94433
94676
94697
94979
95070
95115
95259
95334
95373
95519
95554
95598
95666
95763
95781
95810
95816
95910
95931
96173
96390
96394
96400
96461
96552
96659
96684
96715
97139
97421
97423
97449
97623
97694
97900
98024
98080
98135
98199
98260
98556
98658
98965
99016
99191
99577
99654
99697

32
130
275
282
446
755
863
1016
1102
1121
1142
1225
1292
1326
1623
1726
1801
1923
1972
1977
2253
2343
2408
2448
2658
2676
2714
2754
2819
2910
2991
3395
3667
3678
3909
4020
4173
4184
4341
4355
4773
4793
4803
4893
4927
4978
5015
5269
5895
5962
6188
6212
6400
6432
6462
6504
6513
6533
6549
6835
6927
7007
7011
7046
7093
7107
7181
7532
7660
7837
7881
7902
7932
7978
8037
8180
8241
8333
8452
8566
8742
8843
8864
8905
8908
8970
9243
9317
9341
9422
9657
9726
9967
10195
10363
10466
10711
11027
11075
11303
11457
11549
11602
11850
11880
11898
12176
12237
12262
12306
12359
12434
12475
12522
12698
12920
12933
13102
13174
13176
13210
13418
13502
13529
13676
13694
13708
13798
13800
13859
13990
14039
14057
14065
14196
14202
14359
14389
14457
14485
14604
14764
14785
14901
14933
15010
15227
15293
15398
15431
15433
15464
15568
15666
16027
16045
16147
16219
16253
16262
16268
16420
16421
16548
16792
16808
16853
17071
17140
17214
17253
17259
17262
17298
17357
17366
17398
17414
17441
17664
17710
17777
17815
17898
17941
17993
18110
18156
18185
18191
18241
18329
18408
18455
18628
18696
18822
18905
18909
19004
19103
19150
19331
19389
19661
19764
19997
20075
20080
20149
20272
20381
20399
20400
20413
20859
21027
21266
21301
21909
21989
22051
22176
22370
22671
22727
22952
23279
23401
23423
23456
23523
23692
23719
23826
23995
24084
24121
24158
24313
24465
24537
24556
24574
24685
24773
24795
24828
24917
25019
25154
25229
25350
25370
25388
25530
25666
25709
25832
25942
25992
26065
26182
26283
26288
26317
26391
26396
26409
26425
26457
26503
26762
26777
26858
26993
27113
27128
27142
27235
27362
27409
27832
27900
27955
28199
28223
28309
28372
28421
28470
28784
28806
29142
29231
29293
29383
29440
29791
29870
29898
29951
29978
30070
30081
30174
30306
30416
30513
30667
30882
30950
30958
31051
31063
31078
31213
31247
31297
31343
31358
31380
31454
31455
31463
31747
31825
31871
31897
31904
31928
32141
32320
32577
32697
32806
32977
33112
33273
33504
33515
33609
33686
33766
33773
34104
34136
34317
34322
34381
34427
34518
34620
34649
34731
34768
34880
34899
35011
35014
35263
35381
35573
35677
35862
36185
36193
36390
36506
36539
36614
36633
36689
37146
37333
37372
37513
37624
37669
37735
38073
38137
38151
38153
38337
38552
38592
38632
38668
39041
39083
39263
39365
39589
39670
39709
39795
39855
39866
39999
40123
40254
40294
40376
40425
40433
40438
40592
40653
40809
40868
40921
41049
41063
41077
41433
41502
41676
41700
41727
41866
41919
41973
42200
42236
42333
42350
42379
42607
42683
42770
42798
42854
42956
43125
43632
43638
43715
43776
43931
44028
44065
44323
44416
44557
44682
44918
44934
45010
45221
45274
45531
45595
45774
45834
45851
45867
45932
46107
46141
46266
46296
46498
46531
46582
46594
46628
46800
47010
47082
47116
47135
47207
47242
47631
47636
47639
47719
48023
48190
48224
48573
48816
48883
48898
48916
49094
49150
49219
49437
49518
49559
49649
49688
49689
49735
49771
49772
49863
49897
50026
50040
50195
50223
50340
50426
50508
50534
50553
50569
50577
50593
50608
50625
50626
50791
50801
50882
50958
51012
51036
51109
51120
51323
51443
51539
51822
51867
51986
51993
52196
52199
52302
52342
52416
52422
52433
52585
52684
52825
52912
52949
53032
53382
53424
54158
54500
54549
54681
54719
54785
54797
54915
54921
55028
55044
55087
55103
55240
55419
55513
55559
55591
55687
55704
55761
55911
55968
56008
56035
56132
56146
56407
56476
56561
56598
56646
56868
56996
57034
57305
57371
57381
57436
57467
57478
57546
57598
57812
57829
57831
57966
58118
58121
58321
58529
58579
58661
58938
58970
59090
59145
59247
59305
59340
59356
59485
59594
59693
59774
59781
60039
60066
60251
60418
60449
60595
60702
60712
60995
61248
61301
61363
61387
61443
61567
61664
61678
61792
61793
61822
61849
62040
62121
62176
62357
62404
62560
62667
62774
63285
63520
63614
63840
63843
63917
64015
64062
64146
64209
64353
64424
64450
64564
64695
64772
64806
64938
64980
65035
65097
65130
65193
65197
65251
65254
65265
65382
65417
65474
65490
65552
65949
65969
66030
66031
66038
66098
66628
66695
66703
67025
67069
67071
67090
67165
67246
67259
67350
67401
67592
67737
68074
68094
68310
68360
68511
68559
68607
68690
68782
68806
68834
68972
69001
69096
69169
69288
69293
69337
69485
69500
69888
69971
69974
70304
70362
70368
70404
70497
70615
71041
71070
71100
71145
71197
71199
71266
71340
71482
71607
71628
71672
71727
72227
72283
72325
72418
72462
72531
72610
72741
72957
72980
73227
73252
73307
73679
74115
74282
74476
74482
74538
74561
74574
74648
74753
74764
74794
74884
75029
75148
75203
75266
75506
75527
75579
75753
75959
75990
76168
76227
76254
76342
76360
76633
76783
76842
76889
77111
77216
77351
77365
77406
77437
77655
77659
77691
77722
77775
77910
78323
78349
78359
78401
78512
78613
78614
78840
79106
79220
79613
79615
79639
79657
79706
79930
79960
80042
80211
80227
80264
80376
80585
80635
80821
80957
81052
81371
81436
81505
81653
81702
81719
81816
81922
81942
81959
82153
82186
82278
82366
82416
82577
82578
82701
82750
82802
82829
82867
82911
83035
83120
83143
83186
83194
83219
83314
83343
83374
83421
83446
83642
83677
83774
84099
84158
84160
84503
84614
84621
84627
84956
85068
85378
85379
85427
85555
85585
85707
85740
85747
85750
86042
86106
86279
86298
86322
86375
86443
86508
86579
86693
86745
86902
87242
87267
87595
87738
87772
87836
87847
87964
88210
88299
88401
88421
88607
88639
88870
89082
89264
89439
89554
89615
89663
90111
90124
90154
90211
90447
90472
90938
90977
91050
91090
91136
91246
91281
91319
91347
91674
91933
92053
92101
92111
92142
92154
92266
92281
92474
92839
92849
93161
93227
93373
93535
93763
93832
94187
94272
94318
94351
94385
94396
94431
94468
94543
94588
94752
94754
94764
94850
95015
95058
95083
95097
95268
95282
95501
95506
95566
95902
96298
96362
96424
96544
96804
96864
96875
97217
97225
97329
97352
97365
97381
97465
97467
97522
98020
98206
98313
98358
98554
98615
98629
98635
98674
98782
98832
98868
98880
98953
99144
99210
99439
99475
99482
99727
99952

402
403
627
710
764
919
999
1083
1163
2154
2266
2340
2406
2414
2598
2599
2634
2646
2662
2716
2761
2803
2877
2949
3032
3273
3698
3734
3874
3912
3971
4029
4109
4110
4190
4240
4292
4580
4652
4686
4790
4916
5111
5183
5580
5609
5753
5755
5812
5821
5837
5838
5951
5982
6017
6049
6118
6413
6688
6717
6816
6865
7285
7561
7645
7832
7867
7992
8036
8072
8195
8455
8514
8541
8817
8937
9023
9056
9065
9152
9540
9574
9607
9609
9716
9733
9761
9792
9864
9897
9935
9980
9984
10050
10065
10089
10098
10112
10189
10262
10537
10753
10909
10986
11014
11039
11118
11355
11421
11668
11691
11767
11807
11816
11819
11897
12038
12069
12177
12520
12525
12556
12607
12617
12757
12832
13370
13485
13635
13680
13682
13867
14025
14027
14067
14241
14349
14395
14442
14450
14463
14759
14865
15113
15331
15357
15523
15635
15664
15744
15784
15868
16060
16077
16105
16144
16215
16251
16446
16557
16574
16755
16945
16975
17658
17686
17730
17747
17755
17791
17833
17886
18045
18102
18147
18223
18238
18651
18657
18739
18834
18898
19034
19036
19038
19045
19062
19346
19370
19551
19574
19582
19617
19718
19756
19762
19969
20170
20518
20597
20617
20676
20813
20975
21229
21339
21362
21466
21490
21548
21569
21719
21753
22072
22133
22306
22427
22501
22622
23023
23040
23119
23218
23530
23616
23704
23990
24108
24174
24201
24343
24396
24491
24610
24915
25052
25200
25264
25373
25378
25441
25641
25692
25695
25762
26095
26210
26311
26331
26347
26399
26604
26692
26742
26823
27030
27246
27417
27427
27652
27668
27669
27761
27775
27912
27925
27938
28127
28145
28175
28212
28268
28475
28491
28553
28827
28993
29103
29149
29205
29286
29437
29586
29719
29925
30025
30218
30253
30291
30381
30494
30544
31032
31033
31309
31440
31522
31645
31659
31751
31760
31798
31875
31960
32013
32095
32112
32176
32300
32465
32485
32502
32603
32635
32660
32753
32852
32896
32935
33001
33052
33075
33202
33237
33278
33825
33933
34009
34029
34070
34162
34354
34495
34674
34736
34783
34857
34987
35150
35332
35595
35644
35658
35943
35960
36035
36056
36088
36149
36304
36382
36412
36541
36616
36723
36892
36926
37062
37101
37420
37466
37519
37582
37584
37585
37668
37684
37806
38086
38123
38378
38384
38412
38432
38438
38510
38658
38714
38779
38829
38952
38990
39276
39364
39372
39391
39469
39691
39724
39776
39857
39955
40135
40219
40234
40250
40269
40337
40461
40559
40683
40871
40964
40979
41229
41271
41288
41406
41555
41568
41708
41732
42188
42203
42324
42416
42608
42814
42831
42913
43076
43084
43398
43432
43503
43626
43757
43838
43973
44047
44132
44186
44201
44229
44250
44260
44370
44372
44377
44509
44547
44600
44667
45059
45119
45150
45171
45202
45226
45268
45371
45540
45627
45708
45920
46052
46062
46163
46343
46772
46781
46886
46916
46947
46992
47017
47336
47549
47664
47689
47799
48045
48059
48270
48279
48557
48614
49063
49107
49146
49220
49239
49358
49362
49655
49698
49798
49800
50066
50270
50365
50416
50441
50454
50524
50531
50777
50875
50908
51148
51279
51307
51328
51423
51585
51624
51909
51925
52062
52085
52125
52129
52266
52503
52513
52558
52644
52707
52721
52767
52885
52904
52942
53072
53078
53178
53190
53214
53427
53453
53640
53798
54021
54090
54145
54297
54450
54542
54554
54679
54739
54786
54799
54802
54837
55227
55388
55437
55677
55690
55771
55831
55920
56051
56076
56102
56559
56611
56900
56936
57146
57230
57292
57337
57379
57539
57818
57875
58311
58415
58530
58544
58570
58632
58668
59055
59135
59254
59322
59380
59515
59559
59849
59862
59868
59914
59936
60022
60025
60089
60098
60137
60455
60556
60641
60724
60907
60960
60979
61302
61342
61354
61358
61463
61609
61694
61696
61717
62047
62068
62183
62205
62222
62547
62593
62603
62612
62662
62663
62750
62830
63104
63221
63339
63391
63685
63825
63837
63893
63986
64029
64042
64085
64113
64233
64359
64422
64491
64714
64729
64818
64886
64923
64942
65043
65127
65144
65152
65181
65320
65368
65581
65620
65636
65663
65666
65673
65691
65928
66296
66353
66374
66393
66550
66755
66768
66841
66918
66921
66931
66951
67052
67094
67125
67168
67194
67206
67214
67245
67319
67686
67791
67942
67972
68161
68171
68185
68255
68348
68539
68541
68637
68674
68769
68924
69049
69083
69155
69303
69380
69487
69801
69977
70098
70139
70170
70364
70406
70421
70519
70735
70846
70940
70960
71030
71047
71202
71215
71422
71450
71454
71459
71558
71584
71673
71675
71708
71796
72211
72452
72791
72912
73027
73101
73297
73445
73658
73835
73913
74070
74225
74497
74748
74773
74829
75034
75223
75279
75347
75648
75700
75701
75714
75716
75822
75954
76014
76071
76080
76085
76115
76278
76311
76384
76771
76773
77049
77234
77329
77393
77460
77528
77649
77705
77795
77906
77941
77993
78053
78209
78392
78726
78739
78806
78979
79049
79075
79232
79268
79384
79405
79606
79748
79899
80030
80105
80148
80276
80562
80615
80648
80650
80817
80945
81042
81239
81328
81749
81775
81799
81835
81870
81896
81913
81930
82045
82080
82113
82120
82132
82152
82224
82245
82302
82445
82571
82575
82602
82685
82718
82939
82994
83068
83097
83188
83324
83363
83429
83533
83613
83782
83985
84041
84237
84396
84619
84658
84831
84872
85050
85274
85476
85527
85739
85907
86037
86199
86529
86553
86609
86777
87664
87786
87885
87973
87984
88040
88102
88248
88293
88356
88361
88366
88480
88710
88726
88757
88842
88909
89007
89011
89039
89203
89234
89338
89409
89412
89521
89553
89595
89707
89708
89734
89847
89869
89874
90032
90350
90489
90628
90712
90742
90773
90903
90909
90911
91007
91045
91102
91153
91156
91195
91247
91248
91473
91672
91697
91895
91941
92010
92014
92055
92150
92195
92267
92268
92331
92603
92652
92735
92767
92809
92821
93213
93488
93503
93579
93602
93702
93811
93815
93857
94020
94157
94164
94357
94389
94472
94831
94926
95179
95186
95474
95609
95617
95649
95764
95799
95867
95966
95978
96038
96058
96076
96120
96187
96418
96430
96750
96767
96774
96781
96902
96955
97159
97599
97668
97721
97726
97748
97792
97830
97866
98001
98208
98362
98675
98695
98768
98778
98831
98833
99069
99269
99277
99410
99483
99498
99608
99907

112
313
419
471
811
1073
1401
1517
1529
1614
2063
2117
2209
2467
2625
2664
2746
3091
3412
3413
3536
3836
3894
4004
4347
4388
4630
4792
4979
5073
5104
5112
5191
5197
5267
5314
5569
5631
5926
6007
6165
6204
6319
6348
6389
6420
6829
6968
7220
7377
7385
7415
7447
7624
7891
7897
8092
8133
8330
8358
8380
8385
8695
8874
9012
9164
9408
9457
9558
9571
9747
9820
10015
10108
10117
10182
10310
10478
10485
10488
10548
10566
10716
10767
10789
10798
10821
10828
10883
10967
11078
11141
11311
11322
11407
11496
11551
11740
11780
11815
11980
12289
12413
12452
12505
12517
12569
12574
12728
12781
13081
13191
13264
13276
13345
13396
13433
13520
13756
13919
13929
14035
14170
14377
14391
14411
14714
14728
14758
15270
15288
15341
15513
15532
15653
15671
15691
15806
15810
15907
15976
16004
16175
16182
16326
16390
16536
16877
17044
17107
17153
17424
17579
17696
17848
17905
18012
18029
18052
18087
18139
18154
18235
18306
18310
18376
18386
18509
18610
18653
18899
18967
18977
19049
19063
19080
19155
19270
19283
19419
19477
19709
19755
19788
19848
19984
20023
20317
20394
20515
20626
20727
20928
20964
20970
21016
21079
21149
21214
21306
21418
21477
21532
21622
21651
21655
21738
21749
21784
21799
21863
21882
22014
22029
22092
22096
22244
22556
22563
22803
22808
22839
22925
23052
23076
23180
23538
23584
23609
23662
23690
23863
23874
23880
23958
24185
24230
24241
24276
24290
24632
24736
24811
24897
25063
25160
25218
25372
25408
25505
25725
25843
26209
26220
26292
26445
26454
26593
26883
26911
26980
27044
27205
27513
27631
27675
27827
27862
27968
28024
28077
28254
28354
28384
28387
28518
28561
28648
28664
28738
29222
29517
29549
29628
29710
29815
29854
29990
30032
30063
30071
30129
30274
30284
30316
30404
30601
30642
30931
31057
31172
31201
31232
31443
31460
31754
31841
31948
31952
31965
32102
32121
32494
32571
32606
32654
32797
32956
33015
33068
33110
33580
33809
33878
34154
34242
34292
34341
34675
34734
34820
34823
34852
35006
35083
35151
35321
35329
35519
35549
35934
36076
36111
36141
36242
36295
36321
36372
36414
36537
36618
36715
36719
36845
36880
36922
36996
37150
37431
37500
37517
37745
37790
37792
38037
38126
38271
38445
38488
38539
38640
38966
38980
39110
39272
39310
39311
39415
39428
39484
39664
39689
39705
39758
39761
39871
39966
40016
40031
40121
40143
40152
40191
40353
40619
41009
41325
41375
41400
41490
41500
41566
41590
41598
41670
41738
41890
42121
42291
42430
42471
42534
42669
42673
42918
42949
42975
43031
43086
43215
43239
43422
43438
43706
43759
43778
44195
44238
44382
44432
44539
44544
44630
44719
44801
44830
44904
44964
44981
45064
45066
45068
45129
45145
45159
45354
45366
45379
45417
45529
45600
45688
45771
46042
46101
46164
46334
46388
46424
46599
46665
46841
46970
46996
47173
47193
47215
47257
47492
47512
47880
48094
48110
48374
48505
48506
48525
48631
48701
48746
48804
48810
49074
49351
49645
49856
49943
50190
50216
50249
50260
50479
50556
50780
51058
51127
51224
51226
51327
51330
51363
51640
51714
51785
51876
52180
52222
52439
52538
53025
53046
53066
53163
53213
53413
53471
53556
53644
53655
53674
53843
53940
53984
54078
54093
54154
54195
54237
54328
54338
54363
54434
54468
54596
54640
54666
54691
54705
55036
55203
55400
55421
55524
55617
55648
55726
55914
55995
56152
56177
56199
56221
56321
56380
56383
56384
56410
56448
56524
56567
56581
56661
56802
57014
57086
57167
57255
57297
57307
57696
57756
57855
57903
57906
57992
57996
58012
58063
58371
58413
58497
58705
59075
59285
59306
59529
59556
59679
59927
60013
60432
60755
60904
60996
61094
61112
61122
61206
61284
61330
61366
61385
61623
61742
61862
61902
61989
62002
62099
62350
62441
62579
62673
62807
62970
62987
63038
63097
63502
63571
63618
63648
63766
63796
63880
64007
64349
64430
64749
64842
64878
64989
65327
65413
65469
65784
65788
65846
65972
66029
66033
66101
66155
66243
66461
66505
66671
66756
66782
66789
66807
66828
67027
67175
67326
67375
67408
67576
67723
67731
67774
67865
68080
68340
68358
68421
68634
68766
69040
69091
69252
69377
69416
69453
69555
69593
69595
69611
69726
69805
69895
69967
69982
69989
70012
70253
70291
70420
70538
70592
70627
70649
70721
70761
70762
70888
70953
71113
71119
71235
71280
71380
71413
71563
71763
71917
71979
72043
72044
72048
72125
72137
72282
72668
72756
72947
73060
73135
73241
73262
73542
73596
73636
73677
73721
74029
74163
74220
74323
74425
74811
74863
74924
74927
74939
74978
75175
75292
75336
75470
75503
75698
76075
76173
76231
76267
76279
76451
76727
76800
76838
76859
76945
77013
77147
77421
77430
77465
77491
77596
77689
77712
77740
77763
77939
77972
78121
78367
78414
78497
78579
78771
78827
78850
78879
79001
79158
79333
79367
79642
79805
79817
80015
80104
80287
80339
80409
80520
80582
80682
80743
80756
80798
80814
80932
80994
81188
81289
81518
81521
81540
81613
81616
81621
81810
81833
81836
81887
82122
82363
82387
82483
82715
82818
82921
83029
83060
83207
83322
83392
83460
83468
83605
83754
83762
83931
83987
84006
84084
84141
84174
84176
84398
84538
84603
84638
84729
84733
84896
84912
84917
84926
84927
84938
85137
85162
85247
85283
85324
85468
85569
85896
86362
86408
86521
86610
86859
86954
86965
87001
87156
87270
87316
87356
87434
87725
87757
87919
88173
88187
88302
88512
88519
88591
88727
88770
88794
88807
88848
88871
89031
89034
89166
89201
89237
89391
89473
89597
89598
89609
89644
89652
89694
89766
89959
89965
90090
90148
90171
90225
90439
90665
90788
90892
90908
90974
91002
91078
91098
91164
91185
91260
91534
91538
91745
91791
91836
91942
92012
92106
92305
92312
92515
92573
92575
92616
92724
92909
92994
93052
93110
93134
93328
93406
93420
93526
93532
93693
93942
94007
94025
94133
94322
94368
94388
94555
94622
94696
94776
95005
95335
95344
95690
95703
95868
95934
95987
96025
96092
96182
96188
96280
96448
96595
96728
97038
97066
97169
97207
97246
97344
97368
97372
97468
97565
97841
97895
97970
97984
97992
98034
98061
98063
98169
98213
98264
98265
98291
98412
98571
98643
98852
99079
99173
99205
99214
99366
99448
99465
99528

